预测结果
25.84156153242183
26.036744541256713
34.5060183717468
24.89553186898922
28.4259870740491
30.561382369465477
8.586942617298467
30.721856199164655
20.556785743266133
28.64682345554634
12.612149020562109
25.26434650151299
16.77369621623595
29.680193790692634
21.822996831658735
29.248340354750958
20.39502625549438
33.383854172985735
26.677729344224332
29.95149497991336
18.938203090547205
34.50905162659704
35.487451476254876
14.894058228551255
28.455934352732246
25.630546305343227
21.025780328302897
16.179038576080195
28.69605142459309
24.09256378359306
13.390258381668287
23.449470940091985
20.799447622396706
31.893022309828034
12.280400989807351
36.222669549787256
10.863664704240291
24.365420675205534
11.440898575871856
7.13672588245764
12.8573181037668
27.561180549324195
34.72959155881547
26.3858942591093
11.989754206695043
9.797805399323947
17.608525202139315
31.37733686515981
24.35162554018018
30.204057315810584
11.90151257460059
26.516541589631245
23.12231153920845
35.13560229812442
28.260037174240487
17.783886379326624
20.273919001037427
22.705606748715905
22.71178335843448
25.998955258020338
8.484827561876777
22.696868925286058
25.76229967420445
23.347947041511034
29.9581498108704
28.726949681207152
25.734737031099083
29.428724739344247
21.738435309755705
10.07236184103842
22.754174011158206
13.265923315462064
26.783658075113326
27.95681744394622
24.16456203741591
24.063693265055925
14.015524997778266
14.85875252329727
25.759439812602768
